,scores,variant_effects
0,-0.5842076843372724,-0.07
1,-0.6122355495188632,-0.15
2,-0.5429303697682489,0.18
3,-0.6122315341888745,0.03
4,-0.5544330315634975,-0.19
5,-0.6123604218623088,0.01
6,-0.6123014572661895,-0.04
7,-0.5240536261965597,-0.08
8,-0.6013503673298657,-0.06
9,-0.5823473018756108,-0.09
10,-0.6153236892227419,-0.12
11,-0.6147209861685495,-0.01
12,-0.5939467909408033,-0.41
13,-0.6046447700638742,-0.44
14,-0.5897047361938963,0.2
15,-0.6029684109587854,0.06
16,-0.5116083355632182,0.0
17,-0.6031356176287734,0.06
18,-0.5840071607940325,-0.02
19,-0.5993043209993109,-0.16
20,-0.48892588785971713,0.12
21,-0.5175963213566267,0.04
22,-0.5603072323054343,-0.09
23,-0.5074988186398715,0.33
24,-0.2448463474233441,0.06
25,-0.5999077612460958,0.15
26,-0.5852989864465619,0.07
27,-0.40692636290042855,-0.14
28,-0.2664462312640013,0.16
29,-0.5205463026233518,-0.11
30,-0.2338765276663787,-0.22
31,-0.5420439363364151,0.02
32,-0.5230373575781655,-0.07
33,-0.27024748445361263,-0.15
34,-0.5648570747124955,0.4
35,-0.560971465641431,0.29
36,-0.5603687121375195,0.2
37,-0.5626198286633641,0.4
38,-0.40103825358100265,0.05
39,-0.4404251584662354,-0.09
40,-0.5165834473411446,0.34
41,-0.4020418283078266,-0.02
42,-0.4307823350135873,-0.14
43,-0.4710327725060098,-0.06
44,-0.5514690927975475,-0.15
45,-0.5570123148952666,-0.18
46,-0.5199788984197287,-0.15
47,-0.4560817754213208,-0.21
48,-0.44641951466384283,-0.34
49,-0.46479527547161453,-0.12
50,-0.5463081906904219,-0.13
51,-0.5233842528077025,-0.55
52,-0.5336510489887835,-0.04
53,-0.4664546666996243,-0.04
54,-0.3584384338613304,-0.23
55,-0.5921782029392639,-0.06
56,-0.42868026306512225,-0.08
57,-0.4410716433190508,-0.21
58,-0.6072696472344944,0.14
59,-0.4618781059721752,0.0
60,-0.6019181494942514,-0.06
61,-0.5596220359495114,-0.04
62,-0.6055619765134272,-0.04
63,-0.5685764627306562,-0.22
64,-0.6120999564896067,0.08
65,-0.6061442602723872,0.04
66,-0.58947048366294,0.01
67,-0.5907375109442831,0.13
68,-0.5859518934003263,0.02
69,-0.601390697350882,-0.04
70,-0.5592647865728742,0.6
71,-0.5819617527030027,0.24
72,-0.6105357245683565,0.08
73,-0.5643873623561797,1.03
74,-0.5805467368118595,0.0
75,-0.5777709422410254,-0.08
76,-0.4867622247788323,0.54
77,-0.5221026150008056,0.27
78,-0.5833638568363145,-0.04
79,-0.5836769722932108,0.07
80,-0.5720646784994149,-0.01
81,-0.5913335442906685,-0.02
82,-0.5568271598195973,0.08
83,-0.5988348838735319,-0.02
84,-0.6056583765354471,-0.13
85,-0.5105242611977083,0.0
86,-0.6014728474126102,-0.11
87,-0.5846682746809386,-0.28
88,-0.5756753310579537,0.76
89,-0.590015435355646,-0.03
90,-0.593942511052921,-0.03
91,-0.4784747971775336,0.11
92,-0.46447852116249905,-0.02
93,-0.44311265561542806,-0.03
94,-0.6100118547080726,0.1
95,-0.5900243178173635,0.03
96,-0.6114303052438766,-0.1
97,-0.5155425770656763,1.04
98,-0.5828016844380252,0.09
99,-0.6032416006802939,0.04
100,-0.547335938435985,-0.02
101,-0.42347306708344845,-0.05
102,-0.5695670107027372,-0.16
103,-0.6090073094317231,0.12
104,-0.46196050673488315,0.08
105,-0.49659267257323525,-0.05
106,-0.5657741035218888,-0.02
107,-0.5233909545821448,-0.08
108,-0.5973278230494949,-0.14
109,-0.5936912185902793,0.2
110,-0.5850153815463648,0.03
111,-0.5809206430317574,-0.05
112,-0.5724477256970766,-0.03
113,-0.5307422943419942,-0.17
114,-0.544154293654306,-0.19
115,-0.5654874476784311,-0.04
116,-0.3373011765488742,-0.16
117,-0.26525381723060915,-0.23
118,-0.5988668991345149,0.2
119,-0.5545003493293953,-0.12
120,-0.5600391494744676,-0.15
121,-0.5346284143706109,0.49
122,-0.5815571420411894,0.02
123,-0.5494550332392726,-0.01
124,-0.6022026699319979,0.23
125,-0.48638786548083013,-0.08
126,-0.5393666645558297,-0.17
127,-0.2848805866024959,0.74
128,-0.4488660216470407,0.04
129,-0.4897263990047401,-0.01
130,-0.5088418562800365,1.99
131,-0.5163605057949062,1.85
132,-0.5750444830710129,0.96
133,-0.5323962277222786,1.39
134,-0.41332221294383664,0.02
135,-0.5546205112200442,-0.18
136,-0.4587919269916006,0.37
137,-0.3446993635689263,0.26
138,-0.48828613133269533,0.22
139,-0.48236198923695545,2.02
140,-0.42682975696988484,0.0
141,-0.36896916932499924,-0.03
142,-0.5293363773367752,1.0
143,-0.551725885496732,0.31
144,-0.28456118119699947,0.0
145,-0.30973711074871857,0.15
146,-0.18284967878692607,-0.3
147,-0.025966865042239353,-0.62
148,-0.18398105168879533,-0.06
149,-0.5190851180633406,-0.3
150,-0.41769938994363676,-0.35
151,-0.48622983989259905,1.29
152,-0.4859349797890325,1.17
153,-0.5205890264516049,0.23
154,-0.5606108020927055,-0.08
155,-0.4077513615192704,-0.17
156,-0.4769014190998962,-0.25
157,-0.5185058346925956,-0.1
158,-0.5588328611842958,-0.17
159,-0.46060890805745636,-0.24
160,-0.5363968390184564,0.42
161,-0.6053370222259118,-0.1
162,-0.5634184540084646,-0.11
163,-0.40747253463397554,-0.05
164,-0.4134289592515381,-0.17
165,-0.5330278663397086,0.97
166,-0.5714041176366836,0.05
167,-0.5677189345860713,-0.06
168,-0.14306656726706213,-0.17
169,-0.5227547816660487,-0.2
170,0.08574890783079922,-0.3
171,0.02131975633359636,-0.24
172,0.00624509793327636,-0.3
173,-0.0405941788127721,-0.38
174,-0.5015488956675298,0.39
175,0.015714942067667905,-0.24
176,0.05004304252156088,-0.41
177,0.24359830615661002,-0.39
178,-0.032781493692170996,-0.47
179,0.11629725705715502,-0.48
180,-0.4652471750755071,1.05
181,-0.44995241497158006,-0.23
182,-0.49375861959122586,-0.34
183,-0.4663354150806649,-0.25
184,-0.4749056491084997,-0.43
185,-0.179420690603408,-0.48
186,0.02313767203388172,-0.35
187,0.04716011592120146,-0.42
188,-0.0325180594294845,-0.53
189,-0.40424228840130877,-0.16
190,0.1891325896221541,-0.42
191,0.09449474653781147,-0.66
192,-0.0017528425274508726,-0.35
193,0.10876414636776437,-0.42
194,0.0517299785997575,-0.47
195,-0.5502682532090069,0.14
196,-0.4358903210514236,-0.29
197,0.13547459977538892,-0.5
198,-0.5519452221303557,1.47
199,-0.5374321492145612,0.34
200,-0.5912688777976789,0.13
201,-0.5866641733825073,0.48
202,-0.5908448972998016,0.16
203,-0.5575638758621909,-0.07
204,-0.5191172237077307,0.24
205,-0.5815576810997852,0.01
206,-0.3453704906083344,-0.05
207,-0.5827559013079624,0.33
208,-0.5943422843889126,0.12
209,-0.5626537830343191,-0.04
210,-0.5177373853184107,0.4
211,-0.5880760970073999,0.3
212,-0.5880062143237315,0.03
213,-0.4965751800988176,0.05
214,-0.3280255537955243,0.03
215,-0.5223878860847879,-0.14
216,-0.5996907333950663,0.44
217,-0.5263696397426759,0.2
218,-0.5694101882983824,0.13
219,-0.2900012596381041,0.09
220,-0.005601585127221719,-0.12
221,-0.20848445264391455,-0.19
222,-0.5518125199741662,0.05
223,-0.4352239455653716,-0.22
224,-0.07270240547445211,-0.31
225,-0.551712840285922,0.54
226,-0.5633946120089629,0.22
227,0.19563310968378414,-0.57
228,-0.5720070352084687,-0.09
229,-0.5609874240238858,-0.12
230,-0.519465829050409,-0.15
231,-0.524559443128041,0.08
232,-0.5379839970872249,0.04
233,-0.5844687821780054,0.0
234,-0.5756490952619572,0.15
235,-0.37670093966345164,-0.08
236,-0.3811390136150911,-0.19
237,-0.5356084321525778,0.26
238,-0.5928290951497516,0.12
239,-0.6068016463306265,-0.07
240,-0.46666693316524477,0.23
241,-0.5488122930687023,0.21
242,-0.25193693168295717,-0.04
243,-0.5662668532320151,0.18
244,-0.6020002836542935,0.02
245,-0.5577825632368111,-0.06
246,-0.5735413738880443,0.16
247,-0.5878787431496889,0.1
248,-0.5410428726703098,0.1
249,-0.572052361607839,0.4
250,-0.5413563950165692,0.27
251,-0.5238421266919763,-0.03
252,-0.5933980527453789,0.14
253,-0.569116082656403,0.13
254,-0.24595090116721316,-0.11
255,-0.5793056400463268,0.13
256,-0.5425486416662877,-0.06
257,-0.5822614301051814,-0.28
258,-0.5796122871703644,0.37
259,-0.5948822811403913,0.32
260,-0.5985528023733525,0.16
261,-0.4957668114397562,0.37
262,-0.4644013966563075,-0.06
263,-0.26266858115441843,-0.13
264,-0.550178222937459,0.05
265,-0.19779688867463596,-0.07
266,-0.39859347438371595,-0.12
267,-0.5250800260274857,0.13
268,-0.05928531930526949,-0.02
269,-0.24080629631441627,-0.07
270,-0.5708533008073317,0.11
271,-0.370458766841321,0.02
272,-0.358480508603951,-0.08
273,-0.5758324072785339,0.12
274,-0.5686737042288496,-0.05
275,-0.46436997268127633,-0.11
276,-0.5703986752891032,0.02
277,-0.111189080856701,-0.05
278,-0.00308990989855444,-0.3
279,-0.07530748388699797,-0.15
280,0.015572483924343928,-0.2
281,0.13279693990356226,-0.3
282,-0.03954342734266072,-0.18
283,0.06651907642182035,-0.26
284,-0.1333423705144209,-0.33
285,0.21631899023150336,-0.12
286,-0.05572757415886017,-0.15
287,0.0054072110663099995,-0.33
288,0.004567865203113504,-0.14
289,0.031060258943748687,-0.28
290,0.0385962914979933,-0.38
291,-0.04438108680077082,-0.07
292,0.1278647884794109,-0.28
293,0.09492715811020827,-0.34
294,-0.1870343942157695,0.0
295,0.02052945685364542,-0.13
296,0.1125030391827502,-0.3
297,-0.4989636997971838,0.08
298,0.119622963757283,-0.1
299,0.19622595966146145,-0.22
300,0.1509833576990746,0.85
301,-0.49147651004463855,0.17
302,-0.5842963032506614,0.01
303,-0.47699028511230473,0.16
304,-0.47479004612541176,0.06
305,-0.010246596614819239,0.03
306,-0.40690422961124856,0.05
307,-0.5462131124841613,0.05
308,-0.5086840022793059,0.0
309,-0.539396807359343,0.17
310,-0.43863592675820606,-0.03
311,-0.47700148815224813,-0.07
312,-0.5325601046758143,-0.02
313,-0.3156710018089777,-0.11
314,-0.15779455115588323,-0.13
315,-0.4455624653903356,0.42
316,-0.4131722198208229,0.0
317,-0.029017405818659876,-0.21
318,-0.499714208913359,0.05
319,-0.5176052264351219,0.05
320,-0.4894217971207079,-0.38
321,-0.47927387654239567,0.19
322,-0.5709633627764786,0.05
323,-0.5359640462223005,0.02
324,-0.5740571594068797,0.08
325,-0.5235431968474715,0.05
326,-0.5686831700615963,-0.09
327,-0.4467085273043095,0.29
328,-0.5830335035647294,0.03
329,-0.553863156102181,-0.06
330,-0.4804980863303348,0.13
331,-0.4770126001250666,0.07
332,-0.5899956315702392,-0.05
333,-0.5786764667607902,0.11
334,-0.6063406690435552,0.07
335,-0.5315140755692209,0.07
336,-0.5558523023161207,0.26
337,-0.5738736501134384,0.02
338,-0.5547562392010149,-0.11
339,-0.38888138252196025,0.25
340,-0.40442880536087256,0.24
341,-0.5217925446153009,-0.06
342,-0.45398929993739373,0.15
343,-0.4884741706089372,0.06
344,-0.46092249606286895,-0.08
345,-0.3742120762408371,0.21
346,-0.4297955063396362,0.15
347,-0.2151053519489575,-0.14
348,-0.5172194474031808,0.08
349,-0.5216878737751302,0.02
350,-0.5274701163119929,-0.06
351,-0.4640346291450976,0.22
352,-0.4038952619258565,0.18
353,-0.46042699340844945,0.01
354,-0.39160323212872117,0.93
355,-0.40135158528962106,0.08
356,-0.09836186817620364,0.01
357,-0.2983743177011346,0.23
358,-0.5932339140342672,0.03
359,-0.3293116659740511,-0.2
360,-0.5519517658478587,0.11
361,-0.5801362588823519,0.0
362,-0.5283878493968661,-0.01
363,-0.3703537468494859,1.25
364,-0.4620324613230182,0.55
365,-0.5052030081681678,0.18
366,-0.47305548914636175,-0.02
367,-0.570458852235942,-0.04
368,-0.34002124792471283,-0.21
369,-0.5220087810981688,0.34
370,-0.47940682752547514,0.14
371,-0.3881665099156039,-0.04
372,-0.5443438571248672,0.08
373,0.03988211933221396,-0.11
374,-0.25539018810384523,-0.26
375,-0.5388457068546437,0.03
376,-0.5880965800139507,-0.04
377,-0.10257573134107686,-0.05
378,-0.5730472184612165,0.18
379,-0.5621083667545586,0.14
380,-0.21424027733043985,-0.44
381,-0.5439654579290315,0.07
382,-0.543105545901383,0.05
383,-0.5803598900202036,0.05
384,-0.5709446627017922,0.1
385,-0.5940588415924613,0.06
386,-0.5413388943956854,0.03
387,-0.4751934551719328,0.23
388,-0.5622037279810904,0.06
389,-0.5952372984883315,0.01
390,-0.44973910103682546,0.37
391,-0.5197248757548324,0.23
392,-0.56882830897437,0.06
393,-0.507829025491282,0.03
394,-0.3805957744931828,-0.02
395,-0.55828543710542,-0.04
396,-0.4634530696162183,0.11
397,-0.4089617823408282,0.0
398,-0.5677769868702695,-0.25
399,-0.4853157435761953,-0.03
400,0.016654317682668292,-0.08
401,-0.5203545751114613,-0.16
402,-0.5041159870505759,-0.08
403,-0.5034882182767191,-0.09
404,-0.5133659069149723,-0.33
405,-0.5794443236910546,0.21
406,-0.5615784426609067,0.19
407,-0.530416721215481,0.04
408,-0.5370714743022827,0.1
409,-0.5012930215965475,0.05
410,-0.4772162178489779,0.05
411,-0.40557194217433384,0.12
412,-0.5290041887673292,0.0
413,-0.3476882043279001,-0.14
414,-0.5024943016909499,0.19
415,-0.5834484371598643,0.15
416,-0.4476217489246958,0.06
417,-0.3154605121220656,0.42
418,-0.36846571540612794,0.31
419,-0.5980526804218641,0.01
420,-0.5146741854743555,0.24
421,-0.5069642518119782,0.08
422,-0.44828799011813647,-0.03
423,-0.5848704327625819,0.19
424,-0.46188715479833875,0.14
425,-0.5448668272934549,0.11
426,-0.18017238825564746,0.21
427,-0.4985634206742035,0.07
428,-0.3757313940674644,0.02
429,-0.45142062354487744,0.12
430,-0.4887909975128423,0.06
431,-0.3183203379893259,-0.02
432,-0.2300613193673825,0.39
433,-0.5444562121619856,0.23
434,-0.5330821253586924,0.02
435,-0.4857844370093438,0.21
436,-0.50300406242192,0.06
437,-0.4812373063441089,0.0
438,-0.4116954045401859,0.42
439,-0.029585576683876826,0.26
440,-0.3155686497128829,0.09
441,-0.4252904878544233,0.2
442,-0.16572022279995055,0.07
443,-0.48863865287588826,-0.11
444,-0.560012861102068,0.11
445,-0.5313479224050792,0.1
446,-0.4647986538502728,-0.06
447,-0.43190049922266954,0.4
448,-0.47103201366546965,0.11
449,-0.4459309158265254,-0.03
450,-0.45628503970020007,0.24
451,-0.47040061998872174,0.22
452,-0.5094902894971319,0.18
453,-0.5180021209150104,0.21
454,-0.5272890946377721,0.2
455,-0.3875278390395732,0.2
456,-0.4284249006726459,0.31
457,-0.4464322514755437,0.06
458,-0.4582811588776846,0.05
459,-0.3594420086547966,0.18
460,-0.49054265561987126,0.1
461,-0.41373287841101264,-0.04
462,-0.5112070877375087,0.34
463,-0.2501875105793079,0.06
464,-0.4746894509080289,0.01
465,-0.3551953868946127,-0.05
466,-0.32179467531330735,-0.19
467,-0.41634307685633076,-0.26
468,-0.2697731779837833,0.24
469,-0.24387057578212215,0.15
470,-0.2778564340556882,0.06
471,-0.2730382512003732,0.31
472,-0.25286028261094823,0.12
473,-0.026558095295933497,-0.01
474,-0.31998638375329247,0.23
475,-0.535173056308234,0.18
476,-0.47232402441908494,0.06
477,-0.5090461635315743,0.29
478,-0.5616050420326211,0.15
479,-0.43258686294119525,0.03
480,-0.44271059865937784,0.33
481,-0.5466724521354647,0.22
482,-0.3701816647917406,0.12
483,-0.5257807447065485,0.02
484,-0.5010861540725295,0.01
485,-0.5840544430630639,-0.23
486,-0.5783275092873918,0.13
487,-0.5377197061910504,0.06
488,-0.5859203368985764,0.06
489,-0.5347999138326718,-0.06
490,-0.46784203991520373,-0.13
491,-0.5835496625800449,-0.14
492,-0.5449706269813571,0.11
493,-0.5211828970589818,-0.05
494,-0.37540849891138717,-0.11
495,-0.5607710198110338,0.1
496,-0.5744416480313312,0.04
497,-0.5903191693666853,-0.01
498,-0.5066669193156992,0.08
499,-0.21285713284111166,0.05
500,-0.3182523046158993,-0.02
501,-0.4716451850000986,0.19
502,-0.46780434382125824,0.01
503,-0.5344013098834383,-0.05
504,-0.43018447973546853,0.22
505,-0.1835382348028624,-0.02
506,-0.21681140692714684,-0.07
507,-0.44594907125989436,0.32
508,-0.4303536132686506,0.04
509,-0.4516392989584812,-0.14
510,-0.5392071590059583,-0.02
511,-0.3149545740802805,-0.03
512,-0.024943729516782722,-0.05
513,-0.5497133192459618,0.13
514,-0.5450811245063713,0.01
515,-0.5058086967296758,0.0
516,-0.3374396693065346,0.2
517,-0.5008437873428422,0.01
518,-0.31697042427434924,-0.02
519,-0.38457536273159443,0.04
520,-0.19213700780953383,-0.07
521,-0.261082907637715,-0.1
522,-0.4312278293247073,0.18
523,-0.5579140520873088,0.04
524,-0.5216173851968711,0.03
525,-0.5882211503632659,0.17
526,-0.5231719389791433,0.17
527,-0.5939419654162572,0.03
528,-0.5353175493339475,0.08
529,-0.5136113788606734,0.02
530,-0.5604433015216059,-0.06
531,-0.5849665751851897,0.15
532,-0.5581207617137748,0.01
533,-0.5734460285248604,-0.3
534,-0.6081850011264262,0.66
535,-0.595574858232027,0.07
536,-0.5726155245166453,-0.04
537,-0.53632463723574,-0.01
538,-0.5768558379539671,-0.03
539,-0.027072615509435443,-0.11
540,-0.5499985675423391,0.43
541,-0.5785465024280454,0.12
542,-0.48002587387075596,0.12
543,-0.5910548479773342,0.06
544,-0.5279277919555582,0.05
545,-0.41613633059327004,-0.04
546,-0.5232426040458517,-0.03
547,-0.3709705749107587,-0.04
548,-0.5494564446835318,-0.18
549,-0.5535871045952421,0.01
550,-0.48364033880477086,0.0
551,-0.5788180337504009,-0.05
552,-0.119818906076905,0.03
553,-0.332643070616188,-0.05
554,-0.4829296627569344,-0.09
555,0.0018075680691436364,-0.01
556,-0.5782972450335958,-0.02
557,-0.5569938183321471,-0.03
558,-0.5768512739971279,0.08
559,-0.5885264498571646,0.06
560,-0.5195190236027348,-0.01
561,-0.5781154872519667,-0.01
562,-0.5583546391091068,-0.01
563,-0.5830622317204512,-0.07
564,-0.530859058046595,0.15
565,-0.578564885929962,-0.07
566,0.006609207762531971,-0.08
567,-0.5430491468091491,0.17
568,-0.569734990032618,0.06
569,-0.5692142689819533,-0.01
570,-0.5424728767908471,0.38
571,-0.5072975594733159,0.12
572,-0.5935774371924754,0.07
573,-0.5998072472945412,-0.02
574,-0.5853297220822973,-0.09
575,-0.6040648019164189,-0.15
576,-0.544753862557467,0.23
577,-0.38170631426148166,0.16
578,-0.5682091211822373,0.01
579,-0.5998134768976031,0.2
580,-0.5927491806639642,0.07
581,-0.44275590823605626,0.05
582,-0.5791730735732377,0.06
583,-0.6045921905214302,0.02
584,-0.5872811498873441,-0.16
585,-0.5567457677492464,0.15
586,-0.5450577535741911,-0.02
587,-0.5845150430183231,-0.08
588,-0.5239710427639802,0.05
589,-0.5560589235431196,0.03
590,-0.45559961904022306,-0.04
591,-0.5431530644938412,0.18
592,-0.5692712127735583,0.05
593,-0.5280810043405741,0.01
594,-0.49581450121293696,0.17
595,-0.46962036171187777,0.04
596,-0.4872876718101182,0.02
597,-0.5126608868418664,0.13
598,-0.48259916074966785,0.12
599,-0.4889554453108589,-0.04
600,-0.5065275517156566,0.0
601,-0.5223990166730671,-0.08
602,-0.4981105666409885,-0.09
603,-0.47517420950893346,-0.06
604,-0.4563903111420772,-0.13
605,-0.488377114342789,-0.13
606,-0.41435937748254653,0.08
607,-0.42256884621277413,-0.09
608,-0.4420328849316843,-0.12
609,-0.37646747864397273,-0.03
610,-0.4477296033497331,-0.11
611,-0.29386572161622276,-0.25
612,-0.5621408310021395,0.1
613,-0.5528393155416355,0.0
614,-0.569097659549224,-0.11
615,-0.5103398349164462,-0.04
616,-0.5843788045424164,-0.1
617,-0.5824916320408066,-0.17
618,-0.5398118121266089,0.08
619,-0.5489210778380834,-0.1
620,-0.5586137828744276,-0.27
621,-0.5760256745166981,0.14
622,-0.5930681250031491,0.1
623,-0.5632393160208986,0.04
624,-0.534656920659958,-0.04
625,-0.4634104882538446,-0.08
626,-0.40825811912621973,-0.2
627,-0.5309260678478813,0.15
628,-0.45803567215727403,0.14
629,-0.571246210687868,-0.16
630,-0.5550218689141544,0.21
631,-0.4507298973571493,0.15
632,-0.34651168572165947,0.12
633,-0.16973582659925124,0.13
634,-0.3138208424813304,0.03
635,-0.45692791589967463,0.02
636,-0.4133801203881392,-0.04
637,-0.4449337193797439,-0.08
638,-0.5076073162195479,-0.23
639,-0.44955929451703924,-0.07
640,-0.4738823059127765,-0.11
641,-0.41486299997219744,-0.32
642,-0.5313634894721161,-0.21
643,-0.4877227135217482,-0.24
644,-0.49021044550804765,-0.34
645,-0.37685271135253023,0.29
646,-0.4312640797638217,0.28
647,-0.5115792138378085,0.15
648,-0.4561931430169237,-0.07
649,-0.5476533233207498,-0.11
650,-0.22353975360857326,-0.12
651,-0.4159343438728679,0.3
652,-0.44921604046261654,0.01
653,-0.3536811468777728,-0.03
654,-0.44345238517319757,-0.03
655,-0.4942390741297511,-0.09
656,-0.03430709032894862,-0.09
657,-0.3485101969769959,-0.06
658,-0.460444164525989,-0.1
659,-0.45648682665978196,-0.1
660,-0.5857977193478209,-0.01
661,-0.2876751312573526,-0.15
662,-0.19012589916079167,-0.21
663,-0.4777007675478442,0.04
664,-0.43505626450957074,0.01
665,-0.5557083978875671,-0.04
666,-0.4885846810284348,0.14
667,-0.5672111800779418,0.01
668,-0.5562883504434329,0.01
669,-0.5438776451164169,0.06
670,-0.5638498999316626,0.01
671,-0.46276135762161164,-1.92
672,-0.5557873187193139,0.0
673,-0.5953388326076761,0.0
674,-0.568049612242355,-0.01
675,-0.5313495145359912,0.23
676,-0.5853523204387749,-0.08
677,-0.5464435593312832,-0.08
678,-0.542913664017736,0.0
679,-0.522630333391364,-0.11
680,-0.5840608922671561,-0.21
681,-0.5497238092891601,0.2
682,-0.5320496912470278,0.14
683,-0.54043203364435,0.1
684,-0.5284218510223184,-0.06
685,-0.572456171609969,-0.07
686,-0.5075506611670524,-0.51
687,-0.5313821669658501,1.03
688,-0.5143466971043958,-0.05
689,-0.47552304939645385,-0.32
690,-0.5680156173416078,0.13
691,-0.5542538496679472,0.0
692,-0.4797199856302659,-0.12
693,-0.3781285587201163,0.03
694,-0.5526326082815874,0.03
695,-0.4784382699638553,0.0
696,-0.5196114472612268,0.07
697,-0.37162537272765256,0.01
698,-0.5783738952083494,-0.23
699,-0.4692260588101395,0.05
700,-0.46213087765630023,-0.02
701,-0.5208664893204477,-0.03
702,-0.5689051422613041,0.05
703,-0.578873905668298,-0.02
704,-0.5080785046124254,-0.11
705,-0.5271114320639951,0.09
706,-0.4937227068184697,0.09
707,-0.5850212681401982,-0.03
708,-0.5526526057834759,0.09
709,-0.511997008445307,0.01
710,-0.5488464131257452,-0.07
711,-0.43097676945254343,0.26
712,-0.41952616763700307,0.0
713,-0.4102430142315521,-0.04
714,-0.3405479254226704,0.61
715,-0.362021124670731,0.23
716,-0.3731679665610472,0.19
717,-0.5727955628472206,0.35
718,-0.1586104819957799,0.09
719,-0.31878492525205,-0.12
720,-0.523545004884609,0.29
721,-0.2992754104272655,0.06
722,-0.41091868890289507,-0.07
723,-0.4253667971330249,0.5
724,-0.33868905910535796,0.15
725,-0.4223862651311508,0.07
726,-0.5093089888864303,0.08
727,-0.4132680151103087,0.05
728,-0.47670469909569246,0.05
729,-0.4954200263612302,0.03
730,-0.35486364605139387,-0.09
731,-0.3339625046605956,-0.21
732,-0.42780854779629174,-0.02
733,-0.5246292232929946,-0.04
734,-0.46743491179493174,-0.16
735,-0.34112246137654156,0.12
736,-0.4038762951318998,-0.02
737,-0.5718252115409812,-0.07
738,-0.42811905406086587,0.16
739,-0.4500631462441145,-0.08
740,-0.30159894149031347,-0.08
741,-0.5812857847141704,0.15
742,-0.4687185861095835,0.06
743,-0.2002658089373,0.03
744,-0.5498222473466198,0.12
745,-0.5949207881625871,0.07
746,-0.527699713000159,0.05
747,-0.5350479048840295,0.0
748,-0.06362074931112667,-0.2
749,-0.5056621619323478,-0.2
750,-0.4630066731675672,0.03
751,-0.39058252032945495,0.02
752,-0.521989393570839,-0.08
753,-0.29395636297520594,-0.01
754,-0.5037880035517275,-0.04
755,-0.5121433849515103,-0.54
756,-0.4228925359949661,0.44
757,-0.4539399466186469,0.14
758,-0.5312411574424114,0.02
759,-0.4318680161936768,0.05
760,-0.523150949223719,-0.07
761,-0.3468056360740145,-0.31
762,-0.037309541717330946,0.06
763,-0.22915417654801484,0.0
764,-0.2555304293395745,-0.11
765,-0.302707701104636,0.04
766,-0.1963171933237502,0.0
767,-0.2833060008946625,-0.13
768,-0.14517127419153025,0.13
769,0.054110913735698075,0.0
770,-0.12791340227367498,-0.04
771,-0.22242039281558024,0.11
772,-0.14320875962739005,-0.04
773,0.15179826147188066,-0.06
774,-0.03519377198582888,-0.13
775,0.19693934851462458,-0.2
776,-0.02614883036703169,-0.25
777,-0.43493458843013166,0.04
778,0.11289551807571448,-0.15
779,-0.15578646679284167,-0.2
780,-0.24617939679450326,-0.02
781,-0.2661564161490278,-0.19
782,0.1641024734014908,-0.36
783,-0.01156049314968252,-0.05
784,0.30935061329150837,-0.11
785,-0.18653669651136878,-0.15
786,-0.17899455169079306,-0.05
787,-0.37511471770465765,-0.07
788,-0.28819124538870683,-0.1
789,-0.5217182313875663,0.08
790,-0.4994467650366855,0.05
791,-0.48732365341607553,-0.1
792,-0.4068000151022525,-0.04
793,-0.292194210969408,-0.12
794,-0.13284737327848076,-0.21
795,-0.46997073081898794,0.36
796,-0.3988599849811283,0.31
797,-0.5835319527626145,0.05
798,-0.33284259565617014,-0.01
799,-0.5670769007019587,-0.02
800,-0.5597108629522338,-0.11
801,-0.4592543604012909,-0.03
802,-0.5043619231037119,-0.2
803,-0.40295586008608464,-0.26
804,-0.3178526537457406,0.09
805,-0.2989158399467451,0.09
806,-0.4005334465953577,-0.08
807,-0.465489126477877,-0.23
808,-0.3350431646620904,-0.29
809,0.24266080007144447,-0.34
810,-0.5245638791960707,0.21
811,-0.500188147282624,-0.01
812,-0.5512402497227368,-0.03
813,-0.4794004106852823,-0.2
814,-0.5441539800586099,-0.23
815,-0.357515267164043,-0.92
816,-0.49570318133438973,-0.08
817,-0.22882196775747599,-0.14
818,-0.46523103369692254,0.22
819,-0.25703700393111045,-0.04
820,-0.1051312863850793,-0.19
821,-0.338503501973161,0.09
822,-0.4068955090847725,0.08
823,-0.06684904129746502,-0.12
824,-0.37039660143819103,0.03
825,-0.32302084784449064,0.0
826,0.15397266184459282,-0.04
827,-0.24434059015521387,0.07
828,-0.16976811547365195,-0.02
829,-0.3806443169438396,0.61
830,-0.38654206172178734,0.2
831,-0.3804783519173061,0.17
832,-0.5225753192493394,0.2
833,-0.015271093556463602,0.06
834,-0.36985341133405225,-0.08
835,-0.44435498918336597,0.09
836,-0.5208557869880609,0.0
837,-0.5742276331118237,-0.08
838,-0.21238389120347154,-0.01
839,-0.5750712220408716,-0.03
840,-0.11586115202784095,-0.17
841,-0.555555766687429,0.06
842,-0.4464919555515525,-0.02
843,-0.47044850004797667,-0.08
844,-0.3414075083088337,0.06
845,-0.5757574833769561,0.0
846,-0.425382861566212,-0.11
847,-0.10765958814090577,-0.11
848,-0.2818813910389897,-0.21
849,-0.36852778228754934,-0.26
850,0.12871070063443227,-0.01
851,-0.03911210168286579,-0.29
852,-0.2083504000907042,-0.37
853,0.06879240131056454,-0.3
854,-0.11794980356124674,-0.38
855,-0.03038099281894598,-0.73
856,0.134971844016495,-0.12
857,-0.25084247556792627,-0.25
858,0.2186313305710051,-0.43
859,-0.3824692600602098,-0.27
860,-0.18877579563298197,-0.3
861,0.019831598414985215,-0.4
862,0.015524940268400513,-0.19
863,-0.006912008671509011,-0.19
864,0.07616450999410825,-0.39
865,-0.13186868471177926,-0.01
866,-0.27402475793561454,-0.09
867,-0.05016446660094162,-0.1
868,-0.462662811803537,0.17
869,-0.5452022318139498,-0.03
870,-0.03988659119602163,0.12
871,-0.11108750338489627,0.07
872,-0.41172057452293326,-0.06
873,-0.45342213977620505,0.06
874,-0.4647687071283995,0.03
875,-0.4267766933300828,-0.14
876,-0.22943725324524036,0.16
877,-0.5147726590468563,0.06
878,-0.5153289433147502,-0.07
879,-0.4560884385092195,0.6
880,-0.26948183514728746,0.08
881,-0.24166450037218648,-0.13
882,-0.5024645370884333,0.18
883,-0.3799744477181857,0.17
884,-0.49721876472258897,0.15
885,0.2887515590859823,-0.02
886,-0.3743612478629665,-0.03
887,-0.47383631428456957,-0.05
888,-0.3174481415087811,0.03
889,-0.4381473334880138,0.0
890,0.028845192263463253,-0.03
891,-0.3700410468440182,-0.13
892,-0.4181833583819568,-0.17
893,-0.49609933656501515,0.45
894,-0.5072188229357071,0.09
895,-0.48528828594241147,0.01
896,-0.5633051499378152,0.12
897,-0.3813283645475244,0.04
898,-0.3135484847160924,0.0
899,-0.361394406230361,0.23
900,-0.27111398465381037,-0.01
901,-0.3637203965819681,-0.08
902,-0.4204727774087684,0.01
903,-0.5359124682250005,-0.03
904,-0.4295493633056484,-0.13
905,-0.2129453570694018,-0.03
906,-0.28010478601793953,-0.12
907,-0.2605925718495623,-0.23
908,-0.3756858022897892,0.04
909,-0.5029730091531337,-0.03
910,0.1381076550398039,-0.03
911,-0.44912192601269274,0.05
912,-0.4672690011214292,0.04
913,-0.2574576657156968,-0.2
914,-0.2973567077609818,0.14
915,-0.40537312524516106,0.11
916,-0.39244311544812704,0.03
917,-0.28426030931799756,0.5
918,-0.38620295870756166,0.38
919,-0.363344549653425,-0.03
920,-0.03307092400403583,0.31
921,-0.3727067213715196,0.06
922,-0.3735658398418202,0.01
923,-0.5217765104259403,0.1
924,-0.41292371329382616,0.07
925,-0.5460233237677635,0.03
926,-0.34296036948538383,0.13
927,-0.2777208719632716,0.03
928,-0.2816305162530704,-0.17
929,0.09175599766215839,0.2
930,-0.006522001291513824,0.01
931,0.09269794950916754,-0.05
932,-0.24279685808633683,0.25
933,-0.5261684243038958,0.19
934,-0.5099770312287759,0.12
935,-0.49960951768050904,-0.05
936,-0.30893344184395816,-0.07
937,-0.03440423874066271,-0.36
938,0.08271769790310055,-0.03
939,-0.3283291815897499,-0.05
940,0.24848327968621836,-0.07
941,-0.48035304871766055,0.02
942,-0.5271168666731532,-0.03
943,-0.480201843035353,-0.11
944,-0.4384391737316194,0.03
945,-0.4098819782687707,0.01
946,-0.2658891574731157,-0.13
947,-0.31634742327542587,0.37
948,-0.4513105004214736,0.2
949,0.19243777869484638,-0.09
950,-0.27111918093451776,-0.06
951,-0.45893564560986067,-0.06
952,-0.28021780800068374,-0.17
953,-0.40158685927036036,-0.04
954,-0.45710780847178584,-0.14
955,-0.5151551660629866,-0.57
956,-0.5395888034116196,-0.03
957,-0.556047681798206,-0.05
958,-0.343054985791,-0.3
959,-0.5767815395490963,0.0
960,-0.5588056163523499,-0.01
961,-0.5045902899873416,-0.29
962,-0.42796251744449754,0.03
963,0.1454261212927223,-0.09
964,-0.042992978696578796,-0.39
965,-0.37676441461005034,0.22
966,-0.49647416460896465,-0.05
967,-0.35648874252587304,-0.38
968,-0.5537840622970432,-0.03
969,-0.3076543180075785,-0.03
970,-0.3076076952252501,-0.51
971,-0.26638719952197853,0.45
972,-0.4828701972197339,0.03
973,-0.3849807437432781,-0.05
974,-0.43969191127748797,-0.07
975,-0.37307545385230595,-0.08
976,-0.1468895365986249,0.03
977,-0.5070475067845639,-0.12
978,-0.5104015687889106,-0.24
979,-0.5310105414265199,-0.05
980,-0.4961704864260528,-0.22
981,-0.4155121156162919,0.16
982,-0.5068478730679117,-0.03
983,-0.44616437920504676,-0.19
984,-0.39853136886535523,-0.07
985,-0.2577899038404604,-0.17
986,-0.4447607707234892,-0.17
987,-0.45892183896795996,0.19
988,-0.4235489758670569,0.07
989,-0.3778778202138069,-0.01
990,-0.46965681450656116,-0.02
991,-0.4393368246855922,-0.14
992,-0.4623853981171125,-0.2
993,-0.5484616494462226,0.14
994,-0.4399550287404372,0.01
995,-0.17373492933660936,0.0
996,0.035367266446040733,0.68
997,-0.1167366778162756,0.46
998,-0.5327684631610505,-0.05
999,0.01289234586943556,-0.02
1000,-0.46502718315290464,-0.04
1001,-0.2767238946527679,-0.05
1002,-0.22261658304400822,0.09
1003,-0.2669740083459976,-0.09
1004,-0.25312410919551825,-0.09
1005,-0.29025373045803304,-0.06
1006,-0.19475339502511718,-0.19
1007,-0.381922956467793,-0.25
1008,-0.5247851795945809,0.03
1009,-0.5769189599394232,-0.01
1010,-0.165331842517391,-0.16
1011,-0.2750943351990975,0.44
1012,-0.5191112692805162,0.02
1013,-0.5158248798135907,-0.02
1014,-0.4966689905762738,-0.02
1015,-0.4426162094487977,-0.18
1016,-0.17118061128656256,-0.33
1017,-0.008394710514632607,-0.09
1018,0.30362351718207625,-0.48
1019,0.4500362256769092,-1.83
1020,0.5528782145285598,-2.11
1021,0.5294475086105564,-2.28
1022,0.537670035606351,-2.46
1023,0.0014884139509178755,-0.36
1024,0.3862012310098188,-0.87
1025,0.4869976496345077,-1.41
1026,-0.36626225301429144,-0.1
1027,0.4635500192625376,-0.64
1028,0.4685079548547061,-2.05
1029,0.5160776508831728,-1.92
1030,0.5457839695454794,-2.07
1031,0.5415023480332809,-2.23
1032,-0.3181199134094608,-0.3
1033,-0.2610123394339166,-0.57
1034,0.5295687799314944,-2.0
1035,-0.34850045924246165,0.21
1036,-0.44845097791971783,0.09
1037,-0.4311111832932579,0.06
1038,-0.07786656943274438,-0.08
1039,-0.08378858865281645,-0.17
1040,0.17604540381459965,-0.29
1041,-0.40643411413606784,0.11
1042,-0.39999818636314227,-0.11
1043,-0.3553960042331564,-3.0
1044,-0.38645097173647175,0.0
1045,-0.4208965969981244,-0.31
1046,0.38848361499077544,-0.76
1047,-0.38620233211158916,0.13
1048,0.5010856413963415,-0.86
1049,0.5700898274237894,-2.12
1050,0.5550317607864652,-2.27
1051,0.5521006527690637,-2.42
1052,0.5649910729433689,-2.52
1053,-0.45063976326101146,-0.04
1054,-0.18239745787258732,-0.28
1055,0.02427291401720373,-0.36
1056,0.005752350012287357,-0.61
1057,0.33538463193232304,-1.07
1058,0.5527653878984143,-1.72
1059,0.4830680586841844,-1.51
1060,0.5077669278566505,-2.07
1061,0.5441683649690227,-2.64
1062,-0.1654188027435476,0.05
1063,0.47862218338509516,-0.79
1064,0.5119664260365101,-1.88
1065,-0.43070270248773906,-0.04
1066,-0.20371560942770117,-0.12
1067,0.17290218462857773,-0.51
1068,-0.17086080845421148,-0.07
1069,-0.3158513332556129,-0.08
1070,0.27776202365624375,-0.18
1071,-0.1403497191748327,-0.03
1072,-0.353216021019383,-0.08
1073,0.19288700000038977,-0.19
1074,-0.057032818980194334,0.04
1075,-0.388822995916728,0.04
1076,-0.4726733916514875,0.04
1077,-0.10420030984642595,0.03
1078,-0.44766299881756244,0.03
1079,-0.4375022653751359,0.02
1080,-0.3978811237339119,0.56
1081,-0.5606593845015236,-0.01
1082,-0.455814576185054,-0.12
1083,-0.14472933855386827,0.28
1084,-0.18242431054637445,0.07
1085,-0.5321966228033828,0.0
1086,-0.2264847596190248,0.5
1087,-0.17329818805657624,0.08
1088,-0.27642955893639237,-0.17
1089,0.07325264078065782,-0.46
1090,0.10461572757898913,-0.62
1091,0.4873053542641034,-1.23
1092,-0.45079569867159025,-0.32
1093,-0.08875821645678937,-0.55
1094,0.08576911081243935,-0.92
1095,-0.5085270151283401,0.09
1096,-0.24544667702681836,-0.19
1097,-0.387731423065155,-0.6
1098,-0.34856723168357084,-0.48
1099,-0.24995499747255046,-0.53
1100,-0.26359946146344787,-0.66
1101,-0.366680542204472,0.05
1102,-0.4959964765090455,-0.26
1103,-0.0758566596019215,-0.65
1104,-0.29216042330859293,-0.74
1105,-0.2651186414993784,-0.95
1106,0.03469399733239741,-0.96
1107,-0.24988812372593866,-0.76
1108,-0.25061274644099507,-0.89
1109,-0.16326871346955116,-0.91
1110,-0.22318694131294511,-0.5
1111,-0.15543374663604004,-0.81
1112,-0.14145086597506437,-0.85
1113,-0.5247511857654964,-0.06
1114,-0.489416903707479,-0.11
1115,-0.3501608593062502,-0.48
1116,-0.3366883143923185,0.09
1117,-0.40502925475567,0.04
1118,0.241826308238499,-0.09
1119,-0.42153353888630263,0.37
1120,-0.3622833110566566,0.28
1121,-0.5189474591542933,0.18
1122,-0.5021589122435238,0.02
1123,-0.48536384056498405,-0.02
1124,0.14986204892240432,-0.3
1125,-0.42212561473601534,0.13
1126,-0.45156172777444453,0.07
1127,-0.44946620213221594,-0.08
1128,-0.3763463265681539,0.17
1129,-0.3604552204517238,0.01
1130,-0.388033892957517,-0.02
1131,-0.09802135637399277,0.12
1132,-0.007208257776291894,0.09
1133,-0.26614465667153914,0.0
1134,-0.40918684660288457,0.02
1135,-0.5269710733708455,-0.14
1136,-0.37119767649758545,-0.46
1137,0.2715478944843034,-0.13
1138,-0.1808544874301362,-0.18
1139,0.3703097815047836,-0.56
1140,0.4552982988201052,-0.21
1141,0.06588870437492324,-0.34
1142,0.2181287085763755,-0.37
1143,-0.49844666103292323,0.79
1144,0.09146901999012953,0.28
1145,-0.48799973249428924,0.06
1146,-0.34629864853579534,0.17
1147,-0.17583151328227756,0.15
1148,-0.24264216969084182,-0.33
1149,0.4650530778366648,0.1
1150,-0.028523546760745894,0.04
1151,-0.11236024678942055,-0.06
1152,0.02964046438286322,0.4
1153,-0.0203581771252471,0.06
1154,-0.061680385265780874,-0.08
1155,-0.13430500509058174,1.14
1156,-0.19812702684214287,0.21
1157,-0.30957331893907075,0.06
1158,-0.3157658534069674,0.26
1159,-0.36441166981840684,0.04
1160,-0.33722866889689057,-0.09
1161,0.09649671261232208,0.25
1162,-0.36676647584860383,0.24
1163,-0.5455096300683027,0.08
1164,0.4610896588120701,0.0
1165,-0.30404725806359806,-0.02
1166,0.5184520950031772,-0.3
1167,-0.5546735171804892,0.05
1168,-0.502224706711911,0.05
1169,-0.299567362360556,0.0
1170,-0.5383077979380883,0.0
1171,-0.46655212997737494,-0.09
1172,-0.5331721836714205,-0.15
1173,-0.5464694149059469,-0.02
1174,-0.5092708234226225,-0.13
1175,-0.3323357649505703,-0.21
1176,0.24207848208755792,-0.03
1177,-0.14245639469546734,-0.23
1178,0.439853554308128,-0.29
1179,-0.49494694748029233,0.66
1180,-0.46180856686862387,-0.02
1181,-0.39297963784179746,-0.04
1182,-0.16706723690209596,0.23
1183,-0.27428122201670285,0.01
1184,0.19658478977437158,-0.17
1185,-0.2230703562820047,0.25
1186,0.0983312784500809,0.01
1187,-0.5282304371154285,-0.06
1188,-0.5067720124301439,0.19
1189,-0.5442197068406788,0.07
1190,-0.4334045502677707,-0.07
1191,0.019825640700400143,0.23
1192,0.15353822123478067,0.01
1193,0.22570997860954714,-0.05
1194,-0.483984540978629,0.36
1195,-0.20922644839402707,0.22
1196,-0.3089504346489063,-0.08
1197,-0.44947515323950427,0.54
1198,-0.4813333327212357,0.36
1199,0.41226522978158286,-0.83
1200,0.5459873960654634,-0.84
1201,0.5680800121215832,-1.17
1202,0.5647139093326329,-1.22
1203,0.17402825681762385,-0.74
1204,0.4854478351653266,-1.11
1205,0.5042199317332479,-1.14
1206,-0.4955701846997205,0.4
1207,-0.06629416643785044,0.21
1208,-0.5156689477322125,0.05
1209,0.5755590502377486,-1.25
1210,0.5545580972344737,-1.67
1211,0.5640317157984016,-1.75
1212,-0.46388696454741635,0.1
1213,0.43044225774160316,-0.88
1214,0.5440660078539832,-1.16
1215,-0.19382867478648536,-0.36
1216,0.09011265231205855,-0.48
1217,0.5115008309739986,-1.44
1218,0.2913821206979945,-0.28
1219,0.23747176274233725,-0.47
1220,0.5088432810345406,-0.58
1221,-0.5128233255326268,-0.12
1222,0.22175393698062026,-0.22
1223,0.2617555980643292,-0.47
1224,0.06026843426514097,-0.3
1225,0.5484425390915362,-0.44
1226,0.18231635020262207,-0.49
1227,0.5173618331818955,-0.92
1228,0.5267249983617506,-0.92
1229,0.5402524816069898,-1.1
1230,0.5660948173227204,-1.15
1231,0.5440203197090814,-1.21
1232,-0.44615030573974207,0.48
1233,-0.5417444966382207,0.27
1234,-0.47696519593291614,-0.04
1235,-0.5225499495522932,0.41
1236,-0.2662237342542875,-0.14
1237,-0.06378199842684171,-0.31
1238,0.5652398444004407,-0.64
1239,0.5546142103597436,-1.18
1240,0.554912168698914,-1.31
1241,-0.18102459951523667,0.08
1242,0.49100641118474186,-0.69
1243,0.5246691086341573,-1.01
1244,-0.46719495859451743,-0.16
1245,0.3007534934861682,-0.37
1246,0.32334261936731606,-0.53
1247,-0.12269140139386384,-0.1
1248,0.3859939973074254,-0.21
1249,0.567965987897974,-0.82
1250,-0.47634959858519244,0.05
1251,-0.5630366959446146,0.03
1252,-0.4943082995500234,0.01
1253,-0.27304975032974144,-0.04
1254,0.0029309694735388607,-0.09
1255,0.15458744211642358,-0.11
1256,-0.20906190312908512,0.05
1257,-0.0836622494224233,0.05
1258,-0.2598702689958278,-0.08
1259,-0.32337225765845085,0.09
1260,0.05016986190282233,0.07
1261,0.30755396770778887,-0.09
1262,-0.22579166734995795,0.12
1263,-0.24268122836921188,0.08
1264,-0.5453337011256455,0.05
1265,0.26282706204664213,0.19
1266,-0.40610605800669547,-0.08
1267,0.4754695642440559,-0.32
1268,-0.32328089329506166,0.2
1269,-0.5059485188973804,0.09
1270,-0.48227401875032183,0.04
1271,-0.46463869754842874,0.04
1272,-0.30709249460783167,-0.26
1273,0.0981326717720686,-0.42
1274,-0.5291850298715846,0.01
1275,-0.5256427272724442,-0.08
1276,-0.4791487454240118,-0.09
1277,-0.2991027801118564,0.03
1278,0.4148002226233124,-0.14
1279,0.4005691733278547,-0.34
1280,-0.4928615324361203,0.22
1281,-0.5934246657688675,0.1
1282,0.11010972366752368,-0.17
1283,0.05420310570923165,-0.2
1284,0.28826194553048573,-0.24
1285,0.5054341204035488,-0.3
1286,-0.5329375063183399,0.12
1287,0.48509665027717286,-0.36
1288,0.5165659071794456,-0.37
1289,0.4694648599255586,-0.14
1290,0.4352979980291807,-0.28
1291,0.4795403780890381,-0.3
1292,-0.19311234305705716,0.01
1293,-0.24068141324305423,-0.01
1294,-0.4378240121350276,-0.13
1295,-0.22117468954091896,-0.15
1296,0.10449073152306346,-0.17
1297,-0.08278281346411255,-0.19
1298,-0.17251049664755191,0.02
1299,-0.5923344258666514,-0.09
1300,-0.47039137065029873,-0.13
1301,-0.4400494223689276,0.21
1302,-0.4356122437055302,-0.02
1303,-0.47366482446621794,-0.07
1304,-0.5883220067914278,0.14
1305,-0.5561709195036108,0.13
1306,0.1959289320057977,-0.15
1307,-0.46114615587432356,0.19
1308,-0.2793722528139382,-0.01
1309,-0.24704603828888583,-0.06
1310,-0.5631430373083935,0.31
1311,-0.32702647130205376,0.21
1312,-0.5065156466168838,-0.07
1313,-0.46560637421910506,0.24
1314,-0.5420541115026208,0.03
1315,-0.5737108566153309,0.0
1316,-0.5188170195002724,0.24
1317,-0.3144172213795373,0.06
1318,-0.4313570496753006,-0.03
1319,-0.5707075428905585,0.03
1320,-0.21230955997227174,-0.01
1321,-0.5068034536490164,-0.03
1322,-0.5032487712907767,0.34
1323,-0.5701844202285827,0.15
1324,-0.28349367927741864,-0.11
1325,-0.42705289229431126,0.04
1326,-0.3232291399741329,0.01
1327,-0.396966114167649,-0.14
1328,-0.046113938481991294,0.09
1329,-0.053157865717756735,-0.22
1330,0.0030932418982267795,-0.26
1331,-0.2734293349511941,0.3
1332,0.07332264313273494,-0.29
1333,0.2579148953577131,-0.3
1334,0.2701599182743495,-0.24
1335,0.18678635428481424,-0.34
1336,0.23148397217266123,-0.57
1337,-0.026706443702615015,0.27
1338,-0.09563377247837936,-0.09
1339,-0.11539709709132241,-0.21
1340,0.19450972761237642,-0.12
1341,-0.2293850443900779,-0.21
1342,0.08016323559500706,-0.22
1343,0.4319964062418093,-0.28
1344,0.1144491660510783,-0.37
1345,0.2798927994684073,-0.37
1346,-0.5009296797307202,0.08
1347,-0.14045488452923205,-0.14
1348,0.2720947481758563,-0.15
1349,-0.4451228835150579,0.31
1350,0.3220244156197467,0.25
1351,-0.2118745726750548,-0.13
1352,-0.5651053378110801,0.06
1353,-0.490077254997496,-0.05
1354,0.2284483764673633,-0.07
1355,-0.45604079741756015,0.27
1356,-0.4502174242479652,0.2
1357,-0.1931644577951725,-2.95
1358,-0.48746745416256987,0.02
1359,-0.5236714412303928,0.01
1360,-0.5261554965183507,-0.07
1361,-0.4925613720845396,0.14
1362,-0.5061602603416273,0.13
1363,-0.502076644529276,0.06
1364,-0.4874164029886652,0.05
1365,-0.19982264330322203,-0.02
1366,-0.2677596068550889,-0.05
1367,-0.5313971659090656,0.27
1368,-0.5621393169446924,-0.01
1369,-0.5550797804577342,-0.08
1370,-0.48360572764219006,0.28
1371,-0.0016356542909662989,0.0
1372,-0.5536916708944937,-0.04
1373,-0.4510285185082199,0.46
1374,-0.2572115366578007,0.04
1375,-0.3141935216418359,0.01
1376,-0.044911082444697555,0.26
1377,-0.20975885162815255,0.13
1378,-0.4253831551338244,0.09
1379,-0.45060072721280414,0.27
1380,-0.10352169643576882,0.06
1381,-0.5394081828887367,-0.06
1382,-0.5600137705622392,0.03
1383,-0.5633158674810033,-0.08
1384,-0.5759989325970466,-0.09
1385,-0.4459240041703637,-0.07
1386,-0.5139745729415909,-0.1
1387,-0.5647133054925707,-0.26
1388,-0.2415262468999236,0.34
1389,-0.45482256829390655,0.1
1390,-0.5707418693862094,-0.01
1391,-0.06197295033188689,0.02
1392,-0.19469351043131822,-0.09
1393,-0.15942030555328654,-0.41
1394,-0.4230603623927966,-0.17
1395,-0.1514661869167845,-0.23
1396,-0.10644201968785608,-0.24
1397,-0.18512116296368808,0.02
1398,-0.1662059009938983,0.01
1399,-0.19397801931056288,-0.15
1400,-0.13455390772467182,-0.34
1401,-0.1593700141288262,-0.39
1402,-0.05723714166010798,-0.39
1403,-0.20022062698622875,-0.2
1404,-0.1344103485765982,-0.44
1405,-0.29603963096526703,-0.61
1406,-0.3009136767349797,0.04
1407,-0.12618768373063777,-0.28
1408,0.10102010415690378,-0.36
1409,0.15395983984490766,-0.23
1410,0.12114711940928644,-0.27
1411,-0.06229051890879939,-0.33
1412,0.0862945129022005,-0.09
1413,-0.11512708159945219,-0.21
1414,-0.21141863154019103,-0.34
1415,0.25592936018689044,-0.02
1416,-0.05865206774600456,-0.02
1417,0.27881292840054556,-0.19
1418,-0.23654457325723446,0.24
1419,-0.14908528643464977,0.19
1420,-0.3897032087863314,0.07
1421,-0.38286746779174585,0.43
1422,-0.18436555149643352,-0.01
1423,-0.09908794304239564,-0.15
1424,-0.30112112730515195,0.21
1425,-0.5303854751991355,0.2
1426,-0.466090539413252,0.08
1427,-0.13739735114743637,0.02
1428,-0.10470152383487198,-0.16
1429,0.2944717332655515,-0.19
1430,-0.2774890769871878,0.15
1431,-0.5650555112494549,-0.01
1432,-0.3893209057049829,-0.03
1433,-0.4928666561139302,0.24
1434,-0.14704892033107808,0.06
1435,-0.5455975103892156,-0.11
1436,-0.42451801785261567,0.09
1437,-0.4875068681364737,-0.03
1438,-0.5186010575823738,-0.12
1439,-0.0033673280682031416,0.26
1440,-0.2728066650116762,-0.03
1441,-0.04592679484283595,-0.05
1442,-0.3264834539567665,-0.1
1443,-0.5749508113585481,-0.1
1444,-0.4905493963818037,-0.1
1445,-0.44282521646226225,0.11
1446,-0.5009306925399247,0.08
1447,-0.5182883170755544,0.05
1448,-0.44939097369012293,0.27
1449,-0.37053420396670483,0.18
1450,-0.484311428253248,0.08
1451,-0.3171859366192655,0.15
1452,-0.24029018997261356,0.11
1453,-0.48722229173415904,0.03
1454,-0.5344278935149444,0.2
1455,-0.4020552884443897,0.02
1456,-0.5813762833098542,-0.02
1457,-0.43782015642862077,0.35
1458,-0.44157319160814357,0.29
1459,-0.42441837317022485,0.15
1460,-0.429065918379225,0.17
1461,-0.5706358075031066,0.11
1462,-0.4469485995214129,0.11
1463,-0.5337951298223049,0.17
1464,-0.46786000557640806,0.09
1465,-0.26532502877212943,0.09
1466,-0.46294650517760955,0.09
1467,-0.473935288947087,0.03
1468,-0.4879578616284964,-0.13
1469,-0.4411778362567994,0.17
1470,-0.45729366178999664,0.0
1471,-0.5461999762399778,-0.15
1472,-0.5530230171679483,0.17
1473,-0.2904925246580124,0.1
1474,-0.27633178091307764,-0.18
1475,-0.5416949591626594,0.0
1476,-0.48066173561908804,-0.01
1477,-0.4297052132963394,-0.08
1478,-0.29225425922603687,0.16
1479,-0.5160090727854983,0.06
1480,0.24037094392145905,-0.11
1481,-0.18268519829568947,0.43
1482,-0.40805427376393466,0.03
1483,-0.51396226210676,-0.04
1484,0.34919796478500964,-0.1
1485,0.2258950904544089,-0.15
1486,0.06883396032922477,-0.19
1487,0.21244826541300274,-0.11
1488,0.1440643454205714,-0.16
1489,0.12895158229154374,-0.33
1490,-0.07235960422770944,-0.04
1491,-0.09280589456777347,-0.16
1492,0.11996999859997956,0.55
1493,-0.13356685625981207,-0.08
1494,0.011634329717807184,-0.18
1495,0.19254113708214343,-0.11
1496,-0.45484262901039324,-0.12
1497,0.34828011865392977,-0.2
1498,-0.18389631981595828,-0.11
1499,0.25333001679344663,-0.18
1500,0.21940081629750963,-0.25
1501,-0.3045004300498167,-0.02
1502,0.2668255194853709,-0.08
1503,0.2095886828963567,-0.16
1504,-0.4280158056032001,0.5
1505,-0.40591333194721885,-0.06
1506,-0.1216088619631211,-0.1
1507,-0.10047267720551958,-0.01
1508,-0.47357768513456083,-0.03
1509,-0.04732133656980549,-0.05
1510,-0.49442235034225696,0.42
1511,-0.5418151025305743,0.15
1512,-0.5768817671886791,-0.03
1513,-0.5002081078099219,0.01
1514,-0.579383507592941,-0.01
1515,-0.5221730315104719,-0.08
1516,-0.524578245662671,0.19
1517,-0.2167774859290687,0.14
1518,-0.4972033714515442,-0.29
1519,-0.1904202627195487,0.09
1520,-0.416868019668909,0.08
1521,-0.5164182251126797,0.02
1522,-0.46338132090327167,0.06
1523,-0.4991814140326869,0.05
1524,-0.5231011941810095,-0.17
1525,-0.5252883936383653,0.11
1526,-0.5191123430641987,0.03
1527,-0.4848024665383828,0.01
1528,-0.5003741345334979,0.0
1529,0.0969495944363485,-0.01
1530,0.12848667171269298,-0.18
1531,-0.49210034409928294,0.05
1532,-0.5182883902093983,-0.04
1533,-0.4906486449542536,-0.07
1534,-0.3592157470387431,0.18
1535,-0.5315544601319548,-0.02
1536,0.03201079376545635,-0.04
1537,-0.5391209595932428,0.05
1538,-0.32036863480231204,-0.04
1539,0.03320143676776997,-0.06
1540,-0.5235217091877437,0.12
1541,-0.26288055858628023,0.03
1542,-0.5222322451935102,0.03
1543,-0.5157782585379359,0.03
1544,0.02842347010017435,-0.03
1545,-0.5457957925160091,-0.13
1546,-0.31568697436827337,-0.11
1547,-0.06475212005565671,-0.16
1548,-0.2471761486559376,-0.19
1549,0.1852925316061772,0.27
1550,-0.23693977152485754,0.13
1551,-0.33506383546556406,0.11
1552,-0.5145802854959982,0.04
1553,-0.3261762230247318,-0.05
1554,-0.36013638054174885,0.17
1555,-0.27124010690231637,0.15
1556,-0.5577654942368788,0.01
1557,0.22623388992611376,0.4
1558,0.0736208014100625,-0.04
1559,-0.008163269335076613,-0.09
1560,-0.2636589016002313,0.04
1561,-0.22475578294825332,-0.06
1562,-0.21808872730951961,-0.08
1563,-0.1200823823052083,0.12
1564,0.033329632440059195,-0.01
1565,-0.2148994134273206,0.08
1566,0.16231335525088578,-0.06
1567,0.13326285387043216,-0.09
1568,-0.18196675541664167,-0.01
1569,0.04230205196270937,-0.09
1570,-0.5415780538438633,-0.18
1571,-0.3691516910282304,0.16
1572,-0.19661391731631744,-0.42
1573,-0.45089277433986785,-0.07
1574,-0.4324055596435364,-0.18
1575,-0.4421827292090063,-0.18
1576,0.050643955945347,-0.19
1577,0.21359691432021963,-0.27
1578,-0.36476875858195934,-0.32
1579,-0.37393901472449,0.04
1580,-0.29960876424317257,0.03
1581,-0.1779847441891531,-0.17
1582,-0.07300167234123098,0.21
1583,-0.030092881782569122,-0.08
1584,-0.0839719783412229,-0.39
1585,-0.4780006401887947,0.29
1586,-0.41305303845128655,0.1
1587,-0.4446639316008091,-0.01
1588,-0.4407026099642276,-0.13
1589,0.08330006831038986,-0.13
1590,-0.2725985509269874,-0.13
1591,-0.022135469681476005,0.13
1592,-0.28325584218719735,-0.07
1593,-0.3345521732514791,-0.15
1594,-0.1456954189818493,0.05
1595,-0.10411877965275247,-0.16
1596,-0.31569970860842866,-0.16
1597,-0.48314352816197165,0.1
1598,-0.34004959108704386,-0.06
1599,-0.5292342573355195,-0.08
1600,-0.26784666571169136,0.08
1601,-0.19406830194833719,0.02
1602,-0.09576975899594085,-0.02
1603,-0.3995032404729936,-0.02
1604,0.07334378062769861,-0.05
1605,-0.3966228635427549,-0.05
1606,-0.5890139360858471,0.16
1607,-0.15651584540770694,-0.04
1608,-0.4443727039573677,-0.05
1609,-0.28025551836635004,0.08
1610,-0.3101659749309233,0.03
1611,-0.1718642089385358,-0.21
1612,-0.23596882074009454,-0.03
1613,-0.10536408116243005,-0.04
1614,-0.3133010437353912,-0.05
1615,-0.2685231959098503,0.19
1616,0.10276455969205563,-0.01
1617,-0.3202454104170912,-0.03
1618,-0.13216424050176417,0.11
1619,-0.17846542358436984,-0.01
1620,-0.044578299009976965,-0.02
1621,-0.3978848484675345,0.27
1622,-0.06921946635525617,0.12
1623,-0.0989187735022485,-0.04
1624,-0.28572743869109657,0.19
1625,-0.2922197904039741,0.05
1626,-0.34646488991878654,-3.29
1627,-0.20009038497542556,0.11
1628,-0.2728299097324017,-0.05
1629,2.1238547964371746e-05,-0.06
1630,0.05478497202200828,0.13
1631,0.12472681678536769,-0.09
1632,-0.21173593816610223,-0.12
1633,-0.11979855100151897,-0.04
1634,-0.14070125158225735,-0.08
1635,-0.10110582154187273,-0.09
1636,-0.2682607069239979,0.04
1637,-0.5296169099527488,0.03
1638,-0.5344361481188719,0.0
1639,-0.27605191271294716,0.27
1640,-0.3769923279038779,0.09
1641,-0.259770452690284,0.05
1642,-0.4529127193294704,0.21
1643,-0.5304152666038908,0.1
1644,-0.5175954739731683,0.09
1645,-0.40377290717232406,0.03
1646,-0.5026075905099593,-0.01
1647,-0.36620585181265236,-0.04
1648,-0.406167800048058,0.07
1649,-0.37931024600618607,-0.07
1650,-0.444864233786457,-0.07
1651,-0.5316103857270046,0.07
1652,-0.4780748589797676,0.01
1653,-0.4662331405913968,-0.05
1654,-0.5145859756034592,0.16
1655,-0.4974047364648295,-0.02
1656,-0.5304834746539983,-0.09
1657,-0.5785554262169551,-0.05
1658,-0.5642835708333627,-0.11
1659,-0.5155367839943362,-0.33
1660,-0.3685958184653071,0.12
1661,-0.3568059147131744,-0.01
1662,-0.5162829841374582,-0.1
1663,-0.47234984124685025,0.11
1664,-0.4812675037146071,0.07
1665,-0.5308310752736783,-0.04
1666,-0.489297272003646,0.14
1667,-0.2579045977909425,0.09
1668,-0.28926789976425993,0.01
1669,-0.31714788363810764,-0.02
1670,-0.46342251931406486,-0.03
1671,-0.49065388844498664,-0.41
1672,-0.31462806281818523,0.04
1673,-0.5392265054979802,-0.01
1674,-0.3263293119119981,-0.09
1675,-0.5457836324206478,-0.01
1676,-0.3985261578308809,-0.03
1677,-0.5788688195767808,-0.17
1678,-0.5732270721687718,0.08
1679,-0.585013103331188,0.0
1680,-0.5691288025900674,-0.14
1681,-0.5903359018892609,0.05
1682,-0.5642024790193946,0.01
1683,-0.5728766024408194,-0.03
1684,-0.5795355444265121,0.14
1685,-0.5855585241673049,0.08
1686,-0.5817005415678907,0.02
1687,-0.5411908131775194,0.03
1688,-0.4598098278253582,-0.03
1689,-0.5040873848765007,-0.05
1690,-0.30143998215925133,0.13
1691,-0.5444533521676785,-0.05
1692,-0.5591322008990757,-0.12
1693,-0.6046794165203012,0.12
1694,-0.5948333917255249,0.07
1695,-0.5979534869384127,-0.14
1696,-0.5838518545941858,0.11
1697,-0.5915473593265488,0.05
1698,-0.551520165775172,-0.05
1699,-0.5312889291078041,0.01
1700,-0.5400008183035624,0.0
1701,-0.5560746424644778,-0.01
1702,-0.5575585995757053,0.24
1703,-0.5298725949120388,0.08
1704,-0.5007475248178358,0.04
1705,-0.5501310700317311,0.05
1706,-0.5856624957159918,-0.02
1707,-0.564911397168888,-0.16
1708,-0.5919600773662224,0.07
1709,-0.5558445700198031,-0.03
1710,-0.5637472535460438,-0.08
1711,-0.5719581306033549,0.21
1712,-0.5468999396964689,0.15
1713,-0.5969435979241257,0.0
1714,-0.5988973091391604,0.08
1715,-0.5695595848950915,0.05
1716,-0.5326442749525631,-0.38
1717,-0.5977825461534003,0.02
1718,-0.5287371173716244,0.0
1719,-0.3714310146934496,-0.09
1720,-0.5386999480845793,0.29
1721,-0.5989321443667296,0.01
1722,-0.5783205605874447,-0.14
1723,-0.5461784593760285,0.58
1724,-0.5811285615349701,-0.01
1725,-0.5493420730002776,-0.22
1726,-0.19800585186579683,0.04
1727,-0.25828637199465915,-0.02
1728,-0.5331168149027431,-0.13
1729,-0.3665501800312087,0.03
1730,-0.40041326149242124,0.01
1731,-0.46620479650961016,0.0
1732,-0.24240947914330258,0.19
1733,-0.46954038967815087,-0.02
1734,-0.4704119581717797,-0.08
1735,-0.4583151286949026,0.07
1736,-0.46836650556616505,0.04
1737,-0.34701718478668825,0.0
1738,-0.1254618782687052,0.2
1739,-0.5056847295719354,0.09
1740,-0.41378963490589454,0.05
1741,-0.47887052788881046,0.11
1742,-0.5196201810216077,0.06
1743,-0.4454603146627946,-0.01
1744,-0.17456863677468182,0.04
1745,-0.34530081491708337,-0.01
1746,-0.3736417205649045,-0.01
1747,-0.4077646328244753,0.06
1748,-0.5331037662285151,-0.19
1749,-0.4317673768661393,-0.19
1750,-0.6046537064727697,0.0
1751,-0.22049453649057046,-0.02
1752,-0.449782885656679,-0.05
1753,-0.6066243049166373,-0.04
1754,-0.44863402896563503,-2.74
1755,-0.5573935580603495,0.1
1756,-0.33694775590455034,0.08
1757,-0.4574089233927686,-0.07
1758,-0.14247039213879448,0.01
1759,-0.5338709839878205,-0.03
1760,-0.19120498588750004,-0.12
1761,-0.5120403326777662,0.13
1762,-0.03591607615185217,0.06
1763,0.01359860620378751,-0.21
1764,-0.07933836330271063,-0.05
1765,-0.11666998829913325,-0.16
1766,0.06694240108257421,-0.19
1767,-0.007966767918485149,-0.02
1768,0.010266483984909697,-0.03
1769,-0.10063107921699484,-0.14
1770,0.11173920965058846,0.11
1771,0.015468231414790598,-0.11
1772,0.10523243108830511,-0.12
1773,0.1653948900572903,0.26
1774,0.02546392730503482,0.06
1775,-0.4398850667394328,-0.03
1776,-0.17765171034154756,0.05
1777,-0.11205061999785237,-0.01
1778,-0.10191388243477578,-0.16
1779,-0.5438804800915727,0.7
1780,-0.5935849806299789,-0.24
1781,-0.6111767165265523,-0.03
1782,-0.5931409349929574,-0.27
1783,-0.5912784632693006,0.37
1784,-0.6036392842085593,-1.25
